$ 1 5.0E-6 10.20027730826997 38 5.0 50
R 144 144 96 144 0 1 40.0 10.0 48.0 0.0 0.5
g 256 272 256 288 0
w 144 144 176 144 2
w 176 144 256 144 0
r 256 144 256 208 0 60000.0
r 256 208 256 272 0 3000.0
w 256 208 384 208 2
r 384 288 448 288 0 1000.0
r 320 240 384 240 0 600.0
O 496 224 576 224 1
a 384 224 496 224 1 3.0 0.3 1000000.0
w 384 240 384 288 0
w 448 288 496 288 0
w 496 288 496 224 0
w 320 240 320 336 2
r 320 336 256 336 0 100.0
r 320 336 320 400 0 450.0
g 320 400 320 432 0
R 256 336 208 336 0 0 40.0 3.3 0.0 0.0 0.5
o 0 64 0 290 80.0 7.8125E-4 0 -1 in
o 6 64 0 290 6.2640463352675395 7.475102707912206E-155 1 -1
o 9 64 0 290 4.374501449566024 9.765625E-105 2 -1
