$ 1 5.0E-6 10.20027730826997 38 5.0 50
R 144 272 96 272 0 1 40.0 11.05 43.55 0.0 0.5
g 256 400 256 416 0
w 144 272 176 272 2
w 176 272 256 272 0
r 256 272 256 336 0 32500.0
r 256 336 256 400 0 1000.0
w 320 336 320 224 2
O 496 208 576 208 1
r 208 64 208 128 0 10000.0
r 208 128 208 192 0 5800.0
g 208 192 208 224 0
R 208 64 160 64 0 0 40.0 3.3 0.0 0.0 0.5
x 260 89 469 95 0 24 2.5*13 -> 4.2*13
r 320 192 384 192 0 10000.0
r 384 144 464 144 0 50000.0
w 384 144 384 192 0
w 464 144 496 144 0
w 496 144 496 208 0
w 320 128 208 128 2
a 384 208 496 208 0 15.0 -15.0 1000000.0
w 320 336 256 336 0
w 320 128 320 192 0
w 320 224 384 224 0
o 0 64 0 290 80.0 0.0015625 0 -1 in
o 6 64 0 290 4.794817507660381 9.364877944649183E-5 1 -1
o 7 64 0 290 3.57986298980937 4.882812500000001E-255 2 -1
o 18 64 0 34 2.3384026197294445 9.134385233318143E-5 3 -1

